20230101 20230131
20230201 20230228
20230301 20230331
20230401 20230430
20230501 20230531
20230601 20230630
20230701 20230731
20230801 20230831
20230901 20230930
20231001 20231031
20231101 20231130
20231201 20231231
20240101 20240131
20240201 20240229
20240301 20240331
20240401 20240430
20240501 20240531
20240601 20240630
20240701 20240731
20240801 20240831
20240901 20240930
20241001 20241031
20241101 20241130
20241201 20241231
20250101 20250131
20250201 20250228
20250301 20250331
20250401 20250430
20250501 20250531
20250601 20250630
20250701 20250731
20250801 20250831
20250901 20250930
20251001 20251031
20251101 20251130
20251201 20251231
20260101 20260131
20260201 20260228
20260301 20260331
20260401 20260430
20260501 20260531
20260601 20260630
20260701 20260731
20260801 20260831
20260901 20260930
